506 204 820 207 812 470 531 101 

572 203 820 403 622 242 532 101 
567 536 487 417 608 246 531 101 
555 611 410 595 425 254 532 101 
537 386 637 392 631 360 533 101 
534 204 819 206 814 470 524 101 
0 0 0 0 0 0 0 0 
805 462 561 435 0 0 0 0


 
815 658 362 491 534 366 502 512 
810 661 358 510 514 349 501 232 

789 326 699 415 608 327 506 232 
545 413 611 413 608 390 503 232 



239 498 522 442 582 255 701 101 
235 505 516 449 572 258 705 511 
234 517 502 419 602 296 695 148 
264 476 546 463 559 215 728 150 
352 580 440 552 469 285 489 150 
67 520 502 510 512 225 498 87 
248 486 534 450 572 242 708 177 
329 595 426 575 446 221 1023 177 
334 691 329 583 433 318 995 512 
334 696 324 630 386 265 799 511 
335 609 411 619 397 220 790 511

 
359 430 592 412 611 240 531 101 
335 364 657 434 587 227 531 101 
342 378 645 421 601 250 516 101 
342 378 644 420 601 250 516 101 
342 378 644 420 601 250 516 101 
342 378 644 420 601 250 516 101 
342 378 644 420 601 250 516 101 
342 378 644 420 601 250 516 101 
342 378 644 420 601 250 516 101 
342 378 644 420 601 250 516 101 
342 378 644 420 601 250 516 101 
342 378 644 420 601 250 516 101 
342 375 647 415 607 257 515 101 
342 375 647 416 607 257 515 101 
342 375 647 415 607 257 515 101 
342 375 647 415 607 257 515 101 
342 375 647 415 607 257 515 101 
342 375 647 415 607 257 515 101 
342 375 647 415 607 257 515 101 
342 375 647 415 607 257 515 101 
342 375 647 415 607 257 515 101 
342 375 647 415 607 257 515 101 
342 375 647 415 607 257 515 101 
342 375 647 415 607 257 515 101 
342 375 647 415 607 257 515 101 
342 375 647 416 607 257 515 101 
342 375 647 416 607 257 515 101 
342 375 647 415 607 257 515 101 
342 375 647 415 607 257 515 101 
342 375 647 415 607 257 515 101 
342 375 647 415 607 257 515 101 
342 375 647 415 607 255 515 101 

236 480 533 358 667 698 698 313 
231 473 539 401 622 765 690 313 
233 466 547 395 629 761 693 313 


237 437 575 488 537 874 691 510 
233 497 514 374 654 705 691 510 

228 464 549 391 635 748 702 510 
233 475 538 366 658 711 696 225 

237 411 600 355 670 733 708 165 
293 583 430 560 461 789 759 165 
308 705 308 0 0 0 0 0 
308 699 312 636 389 766 783 163 

354 441 570 408 617 645 508 510 

347 190 820 201 823 671 508 510 
